<?xml version="1.0"?>
<opencv_storage>
<intrinsic_matrix type_id="opencv-matrix">
  <rows>3</rows>
  <cols>3</cols>
  <dt>d</dt>
  <data>
    478.5971162413837900 0. 324.8173118053368300 0. 480.4841089616865600
    248.5530757405357200 0. 0. 1.</data></intrinsic_matrix>
<distortion type_id="opencv-matrix">
  <rows>4</rows>
  <cols>1</cols>
  <dt>d</dt>
  <data>
    0.0703473876115170 -0.1738367452970178 3.0541835834159092e-005
    2.6734501561437424e-003</data></distortion>
<width>640</width>
<height>480</height>
</opencv_storage>
